3186
4357
3861
3197
3432
1243
3467
4068
2875
329
3375
4597
4662
4189
1394
1956
4611
4171
2212
3338
1947
2164
1728
4457
3073
1317
1227
919
1369
673
2559
1833
1572
2717
2709
2763
2980
342
3651
3877
3098
3021
3261
2130
313
4134
4432
926
2962
4759
4042
3415
2205
3690
3008
1671
4980
1193
3454
477
2041
499
2995
4182
1300
1707
786
1980
4448
1951
3822
458
1254
3247
3232
760
3290
2371
3413
4529
435
2121
3415
1488
4838
4892
341
312
3788
3213
3954
4643
4109
1311
2371
4466
3474
1136
4837
2152
4580
3221
1382
1289
4211
3673
1403
1552
4683
3874
2872
1858
837
2771
4618
3594
3260
2825
3842
3517
733
1085
3472
270
3303
3628
2130
388
3854
3525
3955
3881
1462
2744
4679
131
3397
795
4901
757
2265
4574
347
1320
2053
663
2328
1229
2368
3945
398
828
439
4353
2162
112
917
4415
3788
3826
4371
1334
2294
3073
4909
1756
1865
4211
4354
1462
2550
4354
2182
4209
1822
2451
1121
4482
4542
4318
2022
4163
2307
2002
1484
36
3215
1252
550
747
1787
716
4057
3910
2606
86
1565
3807
2790
510
824
3477
4113
3860
3257
3508
944
2911
4545
2018
4841
4316
3302
4533
3635
1137
1752
2293
4942
2625
3122
1962
2399
2651
1104
609
1036
670
196
953
2531
2358
440
4371
2163
8
3143
4338
1282
1743
907
2218
3875
1180
4292
4369
4530
4025
1031
3040
3209
2466
4766
64
476
3614
4448
235
2378
4916
4175
3041
1613
1876
686
3417
3261
1778
3628
3394
2736
4296
930
1009
2026
463
38
1519
4787
161
4164
1052
1149
4653
3855
3177
1371
4226
886
936
279
2297
2580
4796
4735
2844
2104
2048
446
3583
2340
4573
2393
3355
380
605
4243
287
2758
3359
147
1703
1063
922
1804
1269
2261
3938
4948
2822
4052
2521
3056
1382
1806
4076
1122
2168
3017
3634
2252
2294
4863
2099
860
4757
1949
555
3086
1089
1
4088
3443
2533
1891
1372
3424
1977
2631
373
3142
3886
3897
104
2255
736
2635
2185
3664
2718
3658
779
519
1731
599
1329
4339
3039
2804
2892
1089
2107
3513
318
1007
466
4939
2209
4348
4131
3966
1135
3239
2042
3340
782
4316
967
4198
1848
1170
2552
3552
527
3082
2995
2377
958
1608
2297
2596
2931
2769
1656
2864
3273
3358
3434
4806
2480
2533
3049
681
454
3304
1492
1168
4330
3059
1912
1690
2388
239
695
1605
4852
2385
4409
1464
3837
3558
1708
1169
3524
3971
1996
3563
2284
1061
4032
2101
3599
1462
1275
2936
4138
4523
4
2530
1437
2376
3226
1444
2570
3044
208
69
1471
4033
246
27
693
798
4484
1692
841
3968
3322
4114
4031
3374
2415
1321
2264
3423
1748
2230
4950
2820
4207
3179
2498
1127
253
4885
4594
1756
1466
1307
4103
3313
3737
3985
3037
2081
3324
4590
4990
2894
254
2827
1431
349
4865
1376
4325
1380
3825
3921
469
3863
944
3615
1692
1991
1371
1544
1256
3367
3481
2706
2887
3384
1925
3394
367
446
2430
224
4331
878
520
4966
3669
2110
2264
3086
540
3344
38
3462
3073
4384
4037
4341
3952
1629
1713
188
3448
377
3696
4198
4532
2389
177
4925
1790
864
511
1387
4083
409
3562
2500
4288
1401
3749
1873
1739
2441
4671
1949
952
88
3753
1484
1253
3335
164
1514
2550
1740
4514
4967
2873
4864
3931
1086
3281
3231
3743
3292
3226
4218
3483
3032
785
3023
566
2582
3732
2763
3798
2514
1036
2953
2392
2710
4826
3424
4279
4837
4651
4114
2269
2983
1000
572
3510
430
683
3053
2792
2972
1458
4271
2509
3019
3011
3151
1067
4946
3405
1284
3417
477
3458
3432
1171
2330
3317
800
4441
1762
1928
2216
1589
3426
2225
4491
4842
4003
766
1720
3911
1013
3506
1334
4134
1663
3817
4443
1129
4148
1521
460
3513
3707
2088
3818
1711
990
3338
2960
2938
4343
2271
1480
1409
3561
2815
2105
1407
1074
3847
1853
1005
3601
112
2044
3656
1649
4613
984
1726
2607
3685
931
1197
4187
615
2852
40
3745
3703
2525
3953
3486
2253
2325
2710
570
4269
4339
2480
1964
1421
174
4927
4673
4597
3959
698
4582
2213
4583
1645
4271
606
1285
3637
2342
688
3542
1722
1752
3465
3589
3459
1729
30
2370
2069
4533
448
534
2390
423
4932
3930
1518
2386
3451
1073
3193
1128
964
1531
1128
3365
2143
2044
4238
2070
2861
3568
1825
248
802
3447
1109
4588
472
947
1862
4278
4343
1191
4340
2066
1003
4042
4096
2380
1610
4912
4069
2004
2895
31
4353
4446
882
3604
4357
1097
2897
2112
685
2722
2518
3502
3482
319
4275
2506
3232
3759
3426
3717
504
248
456
3535
981
3244
459
3363
3190
1813
1368
2548
2551
830
1701
72
2015
2402
2389
3662
4120
3553
197
3258
1915
2505
1334
4650
243
4843
4681
2336
1207
40
2367
1591
3172
1479
4177
3093
2464
1725
952
4783
2806
3766
2507
363
3761
4686
1805
2583
373
1745
2347
1374
2611
3312
2444
1593
3459
3247
4633
1964
2603
1803
2353
1838
514
4655
2862
508
994
2450
3409
883
1231
2902
46
2284
1297
1563
4342
3819
2750
4481
2978
3745
3511
911
3093
2589
1997
769
2756
362
2087
2098
1416
2448
85
4451
1671
591
3127
601
739
1348
2549
87
682
1793
2019
2000
407
4500
3563
1073
3223
1934
2708
25
3697
1954
4844
1745
367
2006
3730
4813
2890
607
4190
3228
1820
2886
3152
1422
3600
670
4787
941
3487
948
2632
4403
3657
2267
1768
4262
2121
1423
85
4197
567
1267
2177
979
2063
800
2545
3051
428
1012
2731
246
4744
2240
689
4735
1050
3040
2980
4135
468
1155
2744
2897
2278
1993
1481
2395
1682
3417
3706
1464
4313
4609
3381
3894
1214
1021
480
170
3312
4489
776
4351
4522
1462
1744
4058
1364
527
160
2549
424
1596
2584
3376
1270
3591
1246
1975
2580
3250
4401
1795
3779
2671
3713
3016
1449
135
1039
3192
2746
415
147
939
3216
3272
3848
1900
4335
1888
4471
2894
3450
1642
3149
1064
1354
4528
3851
1318
955
3574
4012
3035
4699
2591
4173
2234
2609
4873
959
1783
2606
4916
1503
4095
1057
1084
455
3568
3954
4942
17
2940
2130
2686
2276
1601
1773
4700
274
3315
2788
1171
4444
3620
4185
82
2028
4442
4293
4661
3671
3036
4172
3570
2640
4019
2936
3831
3849
3475
1887
933
3954
2976
1105
3652
899
1331
3939
3195
3620
353
3021
2694
3321
234
3832
3487
2548
1769
4096
892
4971
287
4706
2568
4473
250
2541
4448
948
2787
1356
2176
1640
4824
3193
867
451
465
296
4413
2359
3853
1319
3153
2876
1302
589
2100
4411
2324
4260
884
1088
4539
760
384
4755
447
1627
2898
3289
1542
2704
4640
4672
1185
754
2667
3495
2612
509
548
4295
4645
1287
3171
2642
3819
1520
4513
3387
697
4564
406
2468
1768
1531
3420
1733
2027
4224
3740
4569
341
4376
3529
4940
422
2755
1350
1227
2370
4027
1416
2255
2090
1061
1007
2393
4750
3445
1859
1515
311
4734
2349
4469
3718
4405
4659
3349
4307
1210
1882
632
2427
3436
579
4796
4298
1238
3845
647
4151
3413
3949
1405
664
4586
4125
1309
734
1405
2549
4516
4458
2924
2386
4049
3677
3960
1999
3748
3260
1236
4350
3080
1914
4054
1445
1707
4576
3119
2057
1702
689
2719
857
3337
4965
2239
4048
4650
2843
1967
4732
2505
851
1689
1596
1119
697
2182
2088
1018
3783
633
3469
2504
4126
3298
344
3458
2337
3074
1659
3530
2029
2610
4085
2997
2066
4700
1300
3877
3944
4389
461
350
4103
342
3141
1803
4003
2592
2508
1432
2214
4290
3698
3169
95
1966
2437
4725
4615
4371
4713
1095
4313
1377
3112
4778
2413
1442
2375
2930
825
1020
96
4700
4968
154
4707
2160
3748
143
4740
1660
1370
1321
4299
2987
258
1436
156
135
4000
4289
1346
4454
3641
1166
2971
557
1137
3212
2101
1902
1823
3346
1565
1030
1239
1240
4993
1740
1300
4083
4166
4573
269
2541
1981
386
1507
101
2065
4377
2681
1909
1867
4764
1878
3776
746
3213
3364
2612
2658
3255
2866
1506
1019
4911
3064
3579
2085
1956
3475
3450
4969
4185
2942
1303
4164
3733
9
4104
1072
4926
1126
2670
1019
432
142
1236
3622
4737
1059
2644
4587
1153
1738
1049
4690
4373
4521
2501
3242
4485
4635
3898
4242
4126
1104
999
2824
4341
1316
16
2355
1583
4644
755
2165
3664
829
3156
3881
1245
4293
251
3284
3556
35
3305
1741
2500
760
4145
4269
442
285
142
4917
137
4362
493
604
1011
2343
2334
1749
4669
350
2771
1256
4120
4482
2969
2446
3458
813
2112
1346
4222
2726
3594
555
899
2397
1867
4674
2474
2514
2109
1872
2188
2622
3651
234
3985
3321
620
4731
1403
1141
2842
1945
3704
1073
4647
2400
4109
2243
2296
3950
4153
1735
3770
4849
2565
2539
1491
1663
4579
3616
1866
1622
1804
3924
4823
189
3543
4938
203
3193
4354
2022
1411
2508
1142
4480
1546
4973
699
2658
2879
581
228
1340
2642
1406
1418
1248
3362
1502
870
2079
2385
4934
1637
2654
2119
3131
1781
2794
1255
3861
4020
701
1123
2754
2490
1021
2538
4757
4478
4034
4120
4861
1104
1002
1688
1880
197
2932
709
4494
224
3270
3638
1390
2537
4980
3396
1943
2830
3930
4454
2452
734
2587
1866
4924
1053
444
1568
4394
528
3890
1955
2700
3961
945
3919
4323
2940
675
1893
1064
748
3925
4443
957
1625
1972
3637
2441
1248
1284
420
4482
1705
3706
1709
1088
3512
2327
4800
1989
2078
3023
1314
1804
1412
2138
2972
2119
4244
1323
3419
4917
1696
4455
141
4554
2688
2959
4337
1186
2256
4727
3420
3803
1454
1440
1896
4538
4640
1443
3507
2968
266
3378
3207
3519
4305
3338
3346
1690
3206
3309
1143
4040
2357
603
4093
3471
2375
4777
4578
3206
3807
743
2068
298
4156
3399
2926
56
2981
2384
2134
4959
811
3715
3260
4232
3969
2155
2206
3792
2715
3846
2335
2988
700
2450
2219
3003
3712
2092
3358
1080
3295
661
4750
1135
2638
2935
349
419
4802
252
3608
2430
4
3618
1095
4936
1455
355
126
3669
3121
4799
4952
2507
253
2700
3380
147
3354
938
1969
4407
2558
3769
2798
2848
1624
39
1844
2661
3702
2109
4853
1171
3276
4002
3853
2042
177
2776
979
3702
3182
2973
4143
4534
1734
2177
4224
1609
3031
1442
4676
390
3623
3579
1719
1638
2013
2137
800
4644
2880
4114
1091
790
2959
829
3207
4366
1516
1824
1971
183
4859
3812
2551
4796
619
2449
3578
1299
2215
3054
2339
3677
2884
3719
3454
654
2731
339
4810
3754
2911
3398
1716
3394
673
314
1502
1514
4661
257
850
2741
4470
1203
3799
4660
279
1836
2878
1237
3073
2189
4493
316
902
375
2447
4122
1165
4502
4803
3558
2642
4301
27
2965
3169
32
929
1444
891
1148
704
2218
3562
2276
1264
3648
3880
4169
1795
810
3030
1394
2413
1722
1521
731
1111
2662
4003
4001
3802
717
4118
781
382
4617
1871
4261
1618
4814
563
4759
4194
4781
798
32
2235
1339
1853
2175
1785
2600
115
3584
4817
2833
2434
3710
3095
946
2299
2171
4165
4018
1624
2668
1196
2823
2119
3073
3139
1122
2626
3100
2309
1826
4041
2202
2511
710
583
1189
355
2628
3672
2821
439
3848
4922
5
4431
2771
1266
4882
1344
2636
598
1997
3530
1977
1387
598
4108
1611
3942
3387
3105
1084
3889
4783
3844
2594
1712
1597
2729
2472
2227
1288
1610
2819
560
2803
3345
2133
2978
3972
1693
2543
2898
2846
4497
1227
2667
4226
2114
308
4177
884
4000
4026
1242
3939
4052
1399
4840
255
2305
225
2085
748
2399
3344
626
1610
2606
4450
636
4836
108
4743
4561
4867
4881
2397
1051
4274
3217
2361
726
1864
1033
1556
1917
956
694
2363
3375
4728
3064
2780
2497
4138
3232
4433
3657
3342
1993
1061
2655
4346
4624
3191
1441
4075
2090
3053
1524
1311
3876
2214
3990
3477
2689
137
824
1676
1405
3165
3065
903
4882
4015
2045
1853
2220
78
4837
2669
1232
372
3184
598
2208
1546
885
3618
1480
3612
467
3977
2747
4407
15
3813
2413
4890
2831
4194
3284
809
4194
513
3995
4503
2562
1711
989
65
517
4418
3760
3993
313
1012
2942
2863
2075
4496
1019
3686
4521
658
1071
2972
2971
3260
4895
702
3331
2303
4801
2557
2690
4903
479
1531
2918
1720
1380
695
4242
3237
966
354
525
4878
4076
3653
2601
3117
2095
1804
67
4775
4829
3153
3999
15
3751
3470
3142
515
1046
929
1854
3278
2314
2296
729
1313
4319
3127
1353
2177
601
1279
4268
4727
843
4493
1479
3404
3063
3813
4368
998
1323
387
4294
1375
3272
3630
470
4194
2723
3120
1140
2980
2493
2857
4643
1407
3175
4122
2598
2243
2626
3832
3633
12
604
4644
873
971
881
2412
4231
1917
1070
4558
3156
2983
3404
779
2620
125
1633
2925
45
3622
4045
585
3078
4756
3576
899
4373
4973
4655
3521
3938
1878
2172
3152
2517
357
2654
3613
2278
33
2465
1817
1245
2969
4749
4898
4809
3598
208
4868
2605
2515
4030
1525
2837
4313
3966
3041
3313
1181
126
2830
2907
4101
505
4242
2057
3629
912
3533
2876
2786
3905
1179
176
897
3601
4761
437
4467
3686
1070
3079
3880
2645
3254
4648
797
2282
4471
4261
3781
2140
2730
2296
4647
4454
1866
2240
1221
1979
4962
742
789
801
2655
1284
448
1535
4326
1740
3540
4189
1192
2807
2140
4355
2909
4660
3623
1390
3967
144
1340
2160
1772
4070
4963
3679
3937
3265
469
0
3487
1170
1242
385
4321
3367
3044
1621
1739
2772
4937
3753
2813
880
499
3992
1233
837
3301
2754
4041
2834
432
3583
2122
128
4093
3297
214
2467
4376
406
1198
2973
3623
775
354
274
2927
3474
2423
2893
4283
1702
2925
3163
4027
1751
564
695
3453
2487
3255
4141
519
4547
217
2638
2244
3517
155
3681
2597
4133
1240
4009
897
4405
385
4280
2092
168
4474
2148
3151
1832
1890
963
2280
4468
4828
2416
4121
2632
1873
961
3598
848
3486
1025
3138
788
4260
3127
724
3875
540
3873
4416
2260
2274
2051
2337
3615
3270
251
2049
3458
2101
4185
817
4307
3216
1065
2224
4048
4880
2650
2442
317
1951
2991
857
67
2530
2339
4300
3196
3416
3479
2375
1074
1789
3626
955
1774
3774
1364
2493
2773
4302
2515
3520
1393
835
3911
1377
166
84
927
4146
2532
2834
2133
2561
242
2293
283
4296
587
2222
3274
4394
3675
3172
1070
3867
3459
3795
3433
1506
2349
302
1390
1840
2506
1943
4819
4102
2986
1602
475
3367
3450
2572
3991
237
2241
501
4851
1249
964
1605
3402
2063
3748
3272
204
3643
3195
4782
1204
4852
2679
2765
83
2945
1378
3749
2944
3156
591
2447
378
3583
3757
2662
452
4078
4558
538
3858
892
1236
510
3753
3619
3646
509
2410
3944
2613
2429
3733
906
4970
2338
3085
1684
2215
1861
158
2910
2772
4011
3406
1865
892
1376
474
3158
838
655
966
1792
2537
4951
161
1510
553
4444
4202
1109
1880
4411
2702
4024
3931
2479
3173
1100
3303
3272
460
1941
405
4841
2874
2919
4239
3429
2453
2027
2726
1532
2370
1420
3995
4326
3434
1669
4459
4087
3077
1377
1922
2123
4500
4249
3441
916
2787
3838
320
1192
4835
2266
4905
2127
3666
1459
4418
3580
376
2368
2428
1375
1657
2618
2952
362
1831
811
1417
978
1171
4371
4071
2477
682
2178
813
1925
3268
1422
819
3467
4765
1882
4720
4158
4827
1436
833
4531
1926
3221
250
1494
164
4007
1623
887
3940
4967
3371
275
884
4250
182
1232
35
3674
4872
0
4175
2440
2462
3347
4106
3449
4498
1210
4189
4467
2460
1793
4019
580
2537
4377
4261
1951
2327
1808
1072
4986
1841
2398
663
1279
2707
660
4001
4907
3789
2768
189
743
2641
2686
2902
1509
3177
2400
4547
3568
2870
324
3289
3350
1669
4130
3590
3765
3870
4771
893
3284
4622
1835
1216
468
478
2050
3973
1829
2556
2880
3917
261
4884
2150
2233
4352
3119
2592
3324
1589
3166
198
2260
2839
4487
2624
3064
1488
3430
2769
1533
4637
557
4782
3885
2010
4760
947
516
4291
918
3550
241
1098
2828
3041
881
158
3281
1602
1341
3958
4279
1825
2024
639
2621
3580
4157
3113
4358
3641
3391
3802
2625
3495
2377
684
4590
4498
3082
846
996
2139
1604
3051
304
3164
601
3420
4149
964
985
969
3333
2070
2071
133
4925
2292
2363
1062
4116
4941
2011
3013
1896
3100
3960
3258
927
1902
3852
1537
3026
886
2564
4378
4109
1549
1934
3855
1073
1392
3819
216
4744
191
3950
3094
740
1242
2747
3739
4158
2063
3170
2249
4837
3462
4954
2441
1743
4294
809
1434
4330
2011
1123
4017
1678
2140
1263
2331
4420
1906
2256
1556
98
1838
3340
2638
3897
254
386
1207
4091
3412
1408
1229
736
3899
1937
249
263
4012
2375
2655
2553
1401
467
200
3079
4775
194
3387
732
1585
2946
548
1672
3961
2318
1565
1670
3679
1661
322
3642
4269
4517
2848
719
2927
1793
890
2519
3573
2654
3425
608
4132
965
3009
1705
2016
951
1574
2235
4209
2055
3587
3655
719
3229
2679
2210
4475
2668
6
1250
3941
3837
2334
3633
2358
757
4790
1970
2066
3980
3055
1150
3024
3798
1679
4961
1262
101
4495
4651
3619
4520
2815
4766
653
4648
2890
1826
2948
1660
4374
687
24
4804
1387
150
1494
4465
453
3143
4182
4038
2148
4589
27
612
2929
3407
1911
1105
1850
2466
3948
3083
4449
1157
142
2392
3544
3064
771
4226
4038
381
7
1465
3085
637
4808
2219
3313
1524
3521
3240
3428
1878
3659
2553
335
3115
3287
4402
1303
4354
4352
4728
4481
2447
3091
2442
4571
5
4563
3717
1420
334
2410
3649
3743
476
830
3899
4834
2145
4858
3882
1744
3988
2084
1971
368
2429
353
1883
2769
2146
156
3411
1403
1473
1299
1305
4530
1995
3826
3445
2809
1971
3323
305
4644
769
3965
193
2751
2122
3997
3540
620
360
4163
3814
1324
1938
588
76
4874
1551
4291
1916
2529
1563
3494
3495
1303
28
4719
4093
4236
4094
3241
469
1102
3852
4645
815
959
3928
2751
808
1927
4399
550
253
1363
3272
390
3857
1671
4025
3149
4107
2122
3973
281
2914
1204
4575
3197
1952
1531
1592
3508
1935
2395
2764
2831
504
4055
498
4211
3723
2560
4259
2507
3922
3241
2691
4381
4203
719
3251
2145
1757
1953
1538
2848
2995
3197
754
1597
486
1874
242
2394
3787
2920
2978
273
397
2025
658
4541
371
430
814
3623
289
239
2095
3644
4711
2963
230
1525
584
3799
1908
3537
3592
3989
2411
3728
3913
3969
2684
4783
2002
3426
3318
1854
821
4994
235
4739
4297
4350
2366
2726
4705
557
3417
591
297
1561
1655
4873
3156
157
395
4445
4588
1591
3139
3015
3612
2614
2427
3147
1299
4608
477
3543
4080
2370
460
1650
4709
632
1393
1954
1611
3700
3368
844
2227
1365
4588
975
178
3776
3093
2248
4636
1500
764
926
4853
2200
4369
3388
3386
3836
3259
264
2563
2597
2758
4322
1948
314
1649
2156
2224
407
4059
2970
1638
2140
4481
771
4739
4512
3729
1306
382
857
2538
2431
951
4737
4330
462
4011
2683
1233
3712
4
4041
4077
4007
2138
453
1650
2479
2915
4132
3
2811
3489
2659
1860
1672
3227
4808
15
3092
2165
1406
2189
2529
4061
3343
1023
2855
2471
3378
1245
796
1620
2511
1464
3758
4812
3506
1180
3162
1980
3719
101
850
2085
2065
578
4305
2182
2888
2920
3363
3290
3972
1570
37
4492
2875
2441
1341
4260
2658
2912
3984
1253
747
419
66
556
3385
4061
4788
192
3148
4129
2623
3232
2196
2687
2016
446
3558
878
4134
1843
156
1710
1445
1801
2925
3755
11
3501
342
4889
540
4454
2359
2618
2663
2791
4903
877
3203
4547
1955
299
1803
514
4204
1797
1258
4248
1530
3513
4708
1540
2649
201
2767
4614
1301
4561
3802
611
2687
4846
673
356
2773
3549
3377
2725
1447
1727
606
1720
903
2798
3853
4610
1089
3283
1801
262
619
4227
3709
4684
4212
2318
4482
3931
351
850
4061
1618
2079
3728
3946
2990
2473
1033
1395
2997
763
3712
643
2287
4139
3090
1229
1985
1684
3633
398
2950
1435
1040
4887
3924
1088
3529
2915
4191
1070
1055
3752
157
195
4887
3964
84
228
4663
1004
4817
1092
1776
608
4636
3137
2181
1778
4547
1153
4043
451
3648
4809
4965
1054
2070
4139
1014
1941
200
3529
1023
1554
1087
2950
4451
2673
268
3072
793
3294
1870
604
1164
4456
3508
2656
3517
2625
524
49
2318
4337
3543
3212
178
4994
3125
4319
1025
54
3400
3822
124
3201
1304
2469
2603
4882
206
1617
2865
1196
1044
70
4675
2582
4621
781
715
3102
24
639
837
815
1111
4148
4842
1391
4299
1427
3247
3934
237
4948
4871
45
3226
269
2695
531
2567
2020
3140
4852
1540
3455
3740
884
4970
2801
3372
1115
3888
1875
1685
544
3163
79
821
587
4600
4974
137
2160
4161
3773
168
2376
1424
3603
3552
673
3839
115
853
3642
3962
3540
4712
264
639
2885
1116
2090
3978
3974
978
3549
1283
484
2103
2589
3379
2499
1759
4796
4637
188
4699
2312
493
3998
2353
4337
2047
1191
1858
105
2486
3480
570
1915
534
804
137
2377
3387
2731
2762
2567
383
3092
2796
110
199
3841
716
3706
1718
4928
3798
966
2334
1299
2935
1509
2047
3018
130
618
625
1403
2399
931
2040
4687
575
1839
301
1078
1571
2781
4382
68
3454
2877
2599
3275
1596
4451
728
3593
1494
4848
2861
1794
3552
663
3184
4897
2794
462
4121
1508
3401
704
3977
948
3202
1639
154
739
3421
3516
1323
1052
3973
95
2202
4419
1329
1995
3550
3463
1162
3370
1479
1347
3616
374
1318
3701
4104
4545
3117
3748
2614
3812
360
2279
3203
4269
682
465
2279
220
2724
3388
2750
1367
4963
1205
1343
4667
1836
774
4244
44
3672
2730
1796
319
3007
1810
1197
1184
1294
3271
2358
1670
1070
4129
1259
743
1686
4888
2898
3592
1116
935
1444
1633
1875
2887
2984
3685
2827
1280
2030
4785
533
26
2567
4323
1227
397
2566
3814
3104
2018
2663
997
2132
3851
2588
651
3660
4785
756
714
1642
4945
4146
2267
2371
3678
3834
3764
3044
3745
1405
1803
2719
1858
3017
3627
2912
1800
4407
352
1963
2550
3081
1733
1689
4581
494
1337
2898
2644
2462
3669
2254
4437
1510
3369
4522
4629
680
4645
91
4230
1743
1102
2587
759
1357
705
767
3950
324
2554
1144
4164
408
2697
4549
953
4330
3479
3756
2526
3551
849
1981
1679
3642
4970
2465
4648
687
2521
3294
3939
288
4938
753
3598
4742
1855
969
4267
742
2498
4821
3153
2090
3788
3051
1882
4301
4686
1625
832
2430
3655
9
2302
3326
2986
543
3103
1179
36
1820
3554
3507
1030
4407
3961
2325
1513
2538
2661
838
4029
2993
4162
3914
484
93
401
4028
2194
4435
965
4739
4540
3405
4146
1171
639
817
2682
4695
2490
4178
2108
380
226
1062
4027
4728
3597
3508
1565
4168
134
755
4889
3135
1205
317
4131
3984
4647
841
549
1363
3831
1876
3954
1012
3341
2321
4268
3063
4273
963
3536
1100
4711
3692
245
3878
4483
828
1981
40
265
2874
2248
305
3039
119
1908
3109
2359
1082
4859
3719
3551
3130
4106
2311
2791
3874
2111
1790
628
919
2563
2583
283
2829
4611
916
3188
2498
4482
772
4326
3417
2247
4489
4825
4040
627
3466
1574
2806
4307
3389
3011
2347
4482
2838
2128
1883
838
4227
1520
557
1663
48
2049
2314
2456
2630
1636
494
2530
3756
3862
602
4311
1087
4446
2425
4760
980
2252
676
4157
1710
941
4681
4919
735
1921
392
656
2683
4581
3467
716
3167
2528
2331
1146
1219
4666
571
2400
2825
1677
1921
4109
745
4996
3332
1669
4319
4448
40
3471
559
3305
3277
910
2057
4312
2727
686
1442
1869
2273
1418
3760
3731
754
3815
3538
2229
3145
3615
1002
1160
365
3526
3937
3368
3475
1225
3722
4286
4085
4889
3644
2408
3186
157
3140
2565
501
1045
271
2976
4278
3497
285
145
3738
1613
616
1688
2561
4423
1497
1475
3120
2240
4644
4410
854
3071
4838
1015
4068
4916
123
4514
4238
2811
3888
2255
4513
1819
1506
2476
4079
2301
4026
3470
1493
3429
129
3665
3013
2556
1964
4790
786
2794
2774
9
2321
3162
2416
320
3751
2130
4094
41
1822
3028
318
2405
116
3469
289
2481
4216
3648
1559
2825
1085
3469
3551
4366
1096
4803
1000
3159
4183
1199
4261
654
1610
171
1455
1869
4420
4853
4192
3519
1643
970
1404
4384
911
441
2729
1666
4673
2357
3902
4064
3694
4612
3807
571
2483
2394
3990
4841
3532
2206
4858
3642
866
2540
2955
4581
3672
4025
2669
2639
594
1755
232
2946
814
3038
1693
894
1469
3020
4805
1670
4461
4429
2542
224
4715
2979
379
4731
4176
161
2594
3941
1824
3392
3296
3011
4449
3630
1011
1445
402
880
3173
2018
2555
4818
3703
431
37
263
611
2108
3231
324
612
3423
2569
878
416
3526
2755
2258
3662
4704
15
145
2543
4322
2481
1714
1214
3016
1627
1180
2664
594
2386
2203
3880
2058
1422
882
1319
4427
2234
1503
4926
4735
3532
3599
962
881
847
71
1934
2535
4535
2898
4851
1405
4611
3132
2566
1216
2298
1681
2936
9
1450
444
2784
1426
4504
3684
4071
4101
2849
1008
3266
729
119
4870
3001
2107
3147
39
4698
3423
776
3096
1652
433
789
4657
4258
2135
1782
1429
4740
228
2328
2371
4204
737
4318
334
3604
4283
2532
3798
106
3898
17
94
3746
2321
3775
909
119
4701
4607
4916
3706
2415
4361
2577
21
1560
3016
2853
1949
2809
4207
2178
4050
202
4283
1376
3426
2085
721
1804
238
4466
4823
3349
1807
3545
2577
2573
776
3959
1533
434
3029
548
659
2287
2565
1544
4227
3476
4896
510
1092
4282
4363
4736
1066
3693
1228
88
3673
48
3305
2387
2399
2719
2791
2253
4922
4272
840
1160
3389
3508
3831
4564
4323
1257
2907
1989
684
670
4680
2273
1780
4761
1907
2142
7
888
3892
2392
3147
115
3579
2380
271
2684
2070
3409
3477
3647
3403
4305
840
4904
3046
3741
1618
1940
1920
794
2306
624
3112
962
4161
4094
4496
727
3067
108
4545
3438
1133
2673
1384
2624
3694
4646
4276
796
4798
1189
4592
4045
4632
2180
791
427
2772
4630
4089
2514
1710
4519
3447
2253
1093
4946
4591
1351
1112
148
1441
3559
817
1251
1831
3118
3282
3663
4014
1503
2769
3500
1991
2984
570
2672
4393
1404
1599
2876
3730
2279
3333
4244
2531
4027
3743
3668
2006
1356
4189
256
3980
3530
4246
3189
1587
4493
2522
1118
4998
3453
987
1936
1760
487
1334
83
2884
3720
4939
1472
707
2808
4525
10
1778
17
3394
1640
1215
4989
2780
2735
3415
2888
575
800
3971
392
4593
2714
3856
789
605
2937
2597
4787
4600
2325
922
4818
668
323
4174
3526
1940
1315
1802
844
3743
3373
4170
2824
3035
4179
292
1088
3512
4778
1792
683
4005
590
3298
3064
4145
807
4627
4286
161
1996
3817
2083
3961
765
2352
4488
4361
2876
2801
2387
861
4011
1039
3592
447
4790
2121
3704
1555
1335
1021
1632
2569
474
3303
1632
686
2996
1058
4679
1105
1464
213
1878
4291
907
3240
3868
1769
4034
476
3432
3440
4959
3682
4605
1886
2155
3626
4421
2199
3455
4127
1078
2773
2696
4854
2940
3400
2210
3419
1106
20
4250
4967
147
4066
1459
2198
1874
509
3991
1553
2217
2590
4830
3652
771
1410
3034
1884
4729
553
2937
4632
1352
2699
3103
4754
3392
416
1434
258
1498
3044
3034
4681
4255
4969
1582
2097
1900
1502
4612
3667
2780
558
2496
2960
3731
2949
1105
286
270
1519
1907
3745
4215
3907
1199
1891
2239
1228
4181
3063
4330
2972
3077
4137
1295
1731
2492
4584
4247
1073
3685
3371
185
3268
36
1642
4107
3791
1942
2411
4172
4589
243
1313
2596
1338
1402
1156
3146
3368
3236
4750
3013
1294
879
947
2605
1370
4432
4537
2139
1594
4755
2009
968
3131
2618
1505
4527
247
1091
2494
941
3635
4187
4809
2868
3282
1541
3694
2373
1296
4373
4520
3743
1915
2449
1246
3966
284
106
3238
1455
4835
3907
2483
3537
454
3727
3603
3814
4052
4277
3889
4013
55
1626
1001
710
1618
3367
4678
3649
4672
1630
3957
952
2661
2447
758
3880
1753
403
2835
4633
3455
4110
3930
2375
4963
3355
155
4590
2893
4892
2279
3147
998
1958
4342
2352
40
2390
2912
1908
4061
