3186
4357
3861
3197
3432
1243
3467
4068
2875
329
3375
4597
4662
4189
1394
1956
4611
4171
2212
3338
1947
2164
1728
4457
3073
1317
1227
919
1369
673
2559
1833
1572
2717
2709
2763
2980
342
3651
3877
3098
3021
3261
2130
313
4134
4432
926
2962
4759
4042
3415
2205
3690
3008
1671
4980
1193
3454
477
2041
499
2995
4182
1300
1707
786
1980
4448
1951
3822
458
1254
3247
3232
760
3290
2371
3413
4529
435
2121
3415
1488
4838
4892
341
312
3788
3213
3954
4643
4109
1311
2371
4466
3474
1136
4837
2152
4580
3221
1382
1289
4211
3673
1403
1552
4683
3874
2872
1858
837
2771
4618
3594
3260
2825
3842
3517
733
1085
3472
270
3303
3628
2130
388
3854
3525
3955
3881
1462
2744
4679
131
3397
795
4901
757
2265
4574
347
1320
2053
663
2328
1229
2368
3945
398
828
439
4353
2162
112
917
4415
3788
3826
4371
1334
2294
3073
4909
1756
1865
4211
4354
1462
2550
4354
2182
4209
1822
2451
1121
4482
4542
4318
2022
4163
2307
2002
1484
36
3215
1252
550
747
1787
716
4057
3910
2606
86
1565
3807
2790
510
824
3477
4113
3860
3257
3508
944
2911
4545
2018
4841
4316
3302
4533
3635
1137
1752
2293
4942
2625
3122
1962
2399
2651
1104
609
1036
670
196
953
2531
2358
440
4371
2163
8
3143
4338
1282
1743
907
2218
3875
1180
4292
4369
4530
4025
1031
3040
3209
2466
4766
64
476
3614
4448
235
2378
4916
4175
3041
1613
1876
686
3417
3261
1778
3628
3394
2736
4296
930
1009
2026
463
38
1519
4787
161
4164
1052
1149
4653
3855
3177
1371
4226
886
936
279
2297
2580
4796
4735
2844
2104
2048
446
3583
2340
4573
2393
3355
380
605
4243
287
2758
3359
147
1703
1063
922
1804
1269
2261
3938
4948
2822
4052
2521
3056
1382
1806
4076
1122
2168
3017
3634
2252
2294
4863
2099
860
4757
1949
555
3086
1089
1
4088
3443
2533
1891
1372
3424
1977
2631
373
3142
3886
3897
104
2255
736
2635
2185
3664
2718
3658
779
519
1731
599
1329
4339
3039
2804
2892
1089
2107
3513
318
1007
466
4939
2209
4348
4131
3966
1135
3239
2042
3340
782
4316
967
4198
1848
1170
2552
3552
527
3082
2995
2377
958
1608
2297
2596
2931
2769
1656
2864
3273
3358
3434
4806
2480
2533
3049
681
454
3304
1492
1168
4330
3059
1912
1690
2388
239
695
1605
4852
2385
4409
1464
3837
3558
1708
1169
3524
3971
1996
3563
2284
1061
4032
2101
3599
1462
1275
2936
4138
4523
4
2530
1437
2376
3226
1444
2570
3044
208
69
1471
4033
246
27
693
798
4484
1692
841
3968
3322
4114
4031
3374
2415
1321
2264
3423
1748
2230
4950
2820
4207
3179
2498
1127
253
4885
4594
1756
1466
1307
4103
3313
3737
3985
3037
2081
3324
4590
4990
2894
254
2827
1431
349
4865
1376
4325
1380
3825
3921
469
3863
944
3615
1692
1991
1371
1544
1256
3367
3481
2706
2887
3384
1925
3394
353
446
2430
224
4331
878
520
4966
3669
2110
2264
3086
540
3344
38
3462
3073
4384
4037
4341
3952
1629
1713
188
3448
367
3696
4198
4532
2389
177
4925
1790
864
511
1387
4083
409
3562
2500
4288
1401
3749
1873
1739
2441
4671
1949
952
88
3753
1484
1253
3335
164
1514
2550
1740
4514
4967
2873
4864
3931
1086
3281
3231
3743
3292
3226
4218
3483
3032
785
3023
566
2582
3732
2763
3798
2514
1036
2953
2392
2710
4826
3424
4279
4837
4651
4114
2269
2983
1000
572
3510
430
683
3053
2792
2972
1458
4271
2509
3019
3011
3151
1067
4946
3405
1284
3417
477
3458
3432
1171
2330
3317
800
4441
1762
1928
2216
1589
3426
2225
4491
4842
4003
766
1720
3911
1013
3506
1334
4134
1663
3817
4443
1129
4148
1521
460
3513
3707
2088
3818
1711
990
3338
2960
2938
4343
2271
1480
1409
3561
2815
2105
1407
1074
3847
1853
1005
3601
112
2044
3656
1649
4613
984
1726
2607
3685
931
1197
4187
615
2852
4993
3744
3702
2524
3952
3485
2252
2324
2709
569
4268
4338
2479
1963
1420
173
4926
4672
4596
3958
697
4581
2212
4582
1644
4270
605
1284
3636
2341
687
3541
1721
1751
3464
3588
3458
1728
29
2369
2068
4532
447
533
2389
422
4931
3929
1517
2385
3450
1072
3192
1127
963
1530
1127
3364
2142
2043
4237
2069
2860
3567
1824
247
801
3446
1108
4587
471
946
1861
4277
4342
1190
4339
2065
1002
4041
4095
2379
1609
4911
4068
2003
2894
30
4352
4445
881
3603
4356
1096
2896
2111
684
2721
2517
3501
3481
318
4274
2505
3231
3758
3425
3716
503
247
455
3534
980
3243
423
3362
3189
1812
1367
2547
2550
829
1700
71
2015
2402
2389
3662
4121
3553
197
3259
1915
2505
1334
4650
243
4842
4680
2335
1206
39
2366
1590
3171
1478
4176
3092
2463
1724
951
4782
2805
3765
2507
363
3761
4686
1805
2583
373
1745
2347
1374
2610
3311
2443
1592
3458
3246
4632
1963
2602
1802
2352
1837
471
4654
2861
507
993
2449
3408
882
1230
2901
45
2283
1296
1562
4341
3818
2749
4480
2977
3744
3510
910
3092
2588
1996
768
2755
361
2086
2097
1415
2447
84
4450
1670
590
3126
600
738
1347
2548
86
681
1792
2018
1999
406
4499
3562
1072
3222
1933
2707
24
3696
1953
4843
1744
366
2005
3729
4812
2889
606
4189
3227
1819
2885
3151
1421
3599
669
4786
940
3486
947
2631
4402
3656
2266
1767
4261
2120
1422
84
4196
566
1266
2176
978
2062
799
2544
3050
427
1011
2730
245
4743
2239
688
4734
1049
3039
2979
4134
467
1154
2743
2896
2277
1992
1479
2394
1681
3416
3705
1463
4312
4608
3380
3893
1213
1020
479
169
3311
4488
775
4350
4521
1461
1743
4057
1363
526
159
2548
423
1595
2583
3375
1269
3590
1245
1974
2579
3249
4400
1794
3778
2670
3712
3015
1448
134
1038
3191
2745
346
146
938
3215
3271
3847
1899
4334
1887
4470
2893
3449
1641
3148
1063
1353
4527
3850
1317
954
3573
4011
3034
4698
2590
4172
2233
2608
4872
958
1782
2605
4915
1502
4094
1056
1083
454
3567
3953
4941
16
2939
2129
2685
2275
1600
1772
4699
170
3314
2787
1170
4443
3619
4184
81
2027
4441
4292
4660
3670
3035
4171
3569
2639
4018
2935
3830
3848
3474
1886
931
3953
2975
1104
3651
898
1330
3938
3194
3619
352
3020
2693
3319
233
3831
3486
2547
1768
4095
891
4970
202
4707
2569
4474
251
2542
4449
949
2788
1357
2177
1641
4825
3194
868
452
467
297
4414
2360
3854
1320
3154
2877
1303
590
2101
4412
2325
4261
884
1088
4539
760
384
4755
323
1627
2898
3289
1542
2704
4640
4672
1185
754
2667
3495
2612
509
548
4295
4645
1287
3171
2642
3819
1520
4513
3387
697
4565
407
2469
1769
1532
3421
1734
2028
4225
3741
4570
342
4377
3530
4941
423
2756
1351
1228
2372
4028
1417
2256
2091
1061
1007
2393
4751
3446
1860
1516
286
4735
2350
4470
3719
4406
4660
3350
4308
1211
1883
633
2429
3438
581
4798
4300
1240
3847
649
4153
3415
3951
1407
666
4588
4127
1312
737
1407
2550
4517
4459
2925
2387
4050
3677
3960
1999
3748
3260
1236
4350
3080
1914
4054
1445
1707
4576
3119
2057
1702
689
2719
857
3336
4965
2239
4048
4650
2843
1967
4732
2505
851
1689
1596
1119
696
2181
2087
1017
3782
632
3468
2503
4125
3297
343
3457
2336
3073
1658
3529
2028
2609
4084
2996
2066
4700
1300
3877
3944
4389
461
350
4103
342
3141
1803
4003
2592
2508
1433
2215
4291
3699
3170
96
1967
2438
4726
4616
4372
4714
1096
4314
1378
3113
4779
2414
1436
2376
2931
825
1020
96
4700
4968
153
4707
2160
3748
143
4739
1660
1370
1321
4299
2987
88
1437
157
136
4001
4290
1347
4455
3642
1167
2972
558
1138
3213
2102
1903
1824
3347
1566
1031
1240
1241
4994
1741
1301
4084
4167
4574
169
2543
1983
386
1508
103
2067
4379
2683
1911
1869
4766
1880
3778
748
3212
3363
2611
2658
3255
2866
1506
1019
4911
3064
3578
2085
1956
3475
3450
4969
4185
2942
1303
4164
3733
9
4104
1072
4926
1126
2670
1018
431
9
1235
3621
4736
1058
2643
4586
1136
1737
1048
4689
4372
4520
2499
3241
4484
4634
3897
4241
4125
1103
998
2823
4340
1315
15
2354
1582
4643
754
2164
3663
828
3155
3880
1244
4292
250
3283
3555
34
3304
1740
2499
615
4144
4268
441
284
141
4916
136
4361
492
603
1010
2342
2333
1748
4668
349
2770
1254
4119
4481
2968
2445
3457
812
2111
1345
4221
2725
3593
554
898
2396
1866
4672
2472
2513
2108
1871
2187
2621
3650
233
3984
3320
619
4730
1401
1140
2841
1944
3703
1072
4646
2398
4108
2242
2295
3949
4152
1734
3769
4848
2564
2538
1490
1662
4578
3615
1865
1621
1803
3923
4822
188
3542
4937
202
3192
4353
2021
1410
2507
1141
4479
1545
4971
697
2657
2878
429
227
1339
2641
1405
1417
1247
3361
1501
869
2078
2384
4933
1636
2653
2118
3130
1780
2793
1254
3860
4019
700
1122
2753
2489
1020
2537
4756
4477
4033
4119
4860
1103
1001
1686
1878
4
2931
708
4493
223
3269
3637
1389
2536
4979
3395
1942
2829
3929
4453
2450
732
2585
1865
4923
1051
443
1567
4393
527
3889
1954
2699
3960
944
3918
4322
2938
673
1892
1063
504
3924
4442
955
1512
1971
3636
2440
1247
1283
117
4482
1705
3706
1709
1088
3511
2327
4800
1988
2078
3023
1314
1759
1412
2138
2972
2119
4244
1323
3419
4917
1696
4455
141
4554
2688
2959
4336
1186
2256
4728
3421
3804
1455
1441
1897
4539
4641
1444
3508
2969
267
3379
3208
3520
4305
3337
3346
1691
3207
3310
1144
4041
2358
604
4094
3472
2376
4778
4579
3207
3808
744
2069
299
4157
3400
2927
57
2982
2385
2135
4960
812
3716
3261
4233
3970
2156
2207
3793
2716
3847
2335
2988
700
2450
2219
3003
3712
2092
3358
801
3295
324
4751
1136
2639
2936
350
420
4803
253
3609
2431
6
3620
1097
4938
1457
76
128
3671
3123
4801
4954
2509
255
2702
3382
149
3356
940
1971
4409
2560
3771
2800
2850
1626
41
1846
2663
3705
2112
4855
1173
3279
4005
3855
2045
179
2778
981
3704
3185
2975
4145
4536
1736
2179
4226
1611
3032
1444
4677
392
3625
3581
1721
1598
2015
2139
802
4646
2882
4116
1093
792
2961
831
3209
4368
1518
1826
1973
185
4861
3814
2553
4797
621
2451
3580
1301
2217
3056
2341
3679
2886
3721
3456
656
2733
94
4812
3756
2913
3400
1718
3396
675
316
1504
1516
4663
259
852
2743
4472
1205
3801
4662
281
1838
2880
1239
3075
2191
4495
318
904
376
2448
4123
1166
4503
4804
3559
2643
4302
28
2966
3170
33
930
1198
891
1149
705
2219
3563
2277
1202
3649
3881
4170
1796
811
3031
1395
2414
1723
1522
419
1113
2664
4005
4003
3804
719
4120
783
384
4619
1873
4263
1620
4816
565
4761
4196
4783
800
34
2237
1340
1855
2177
1787
2602
117
3586
4819
2835
2436
3712
3097
948
2302
2173
4167
4020
1626
2670
1198
2825
2019
3075
3141
1124
2628
3102
2311
1828
4043
2172
2513
712
585
1191
357
2630
3674
2821
440
3849
4923
6
4432
2772
1266
4882
1344
2636
598
1997
3530
1977
1387
230
4109
1612
3943
3388
3106
1085
3890
4784
3845
2595
1415
1598
2730
2472
2226
1289
1611
2820
561
2804
3346
2134
2979
3973
1694
2544
2899
2847
4497
1227
2666
4227
2115
309
4178
885
4001
4027
1243
3938
4053
1400
4841
256
2306
225
2008
749
2400
3345
626
1610
2607
4451
637
4837
109
4744
4562
4868
4882
2398
716
4274
3217
2362
700
1865
1033
1556
1917
956
695
2303
3376
4729
3065
2781
2498
4139
3233
4433
3658
3343
1994
1062
2656
4348
4625
3192
1441
4076
2091
3054
1525
1312
3877
2126
3989
3478
2689
138
825
1676
1013
3165
3066
904
4883
4016
2044
1854
2221
79
4838
2670
1233
373
3185
599
2209
1547
379
3620
1482
3614
468
3979
2749
4410
16
3813
2414
4891
2832
4195
3285
810
4195
514
3997
4506
2565
1500
992
67
122
4420
3762
3995
315
1014
2944
2864
2075
4497
1020
3687
4522
659
1072
2972
2972
3261
4895
703
3332
2304
4802
2558
2691
4904
480
1437
2919
1335
1381
696
4243
3237
963
355
526
4880
4077
3654
2603
3119
2097
1805
4483
4776
4830
3154
4001
17
3753
3472
3144
4921
499
931
1856
3279
2315
2297
730
1314
4320
3129
1354
2178
4988
723
4267
4726
616
4494
1480
3405
3064
3814
4369
998
1324
387
4294
1373
3271
3631
471
4195
2724
3121
1141
2981
2494
2858
4644
1408
3176
4124
2599
2245
2627
3833
3634
13
605
4645
874
972
883
2413
4232
1890
1071
4559
3157
2984
3405
133
2621
126
1635
2927
47
3623
4047
587
3079
4758
3577
900
4374
4974
4656
3522
3939
1660
2173
3153
2518
356
2656
3615
2279
34
2466
1816
1245
2967
4750
4900
4810
3597
209
4869
2606
2517
4032
1368
2839
4315
3967
3043
3316
1184
129
2832
2909
4103
507
4244
2058
3630
913
3535
2878
2788
3907
1181
178
899
3603
4763
4964
4468
3687
1071
3080
3881
2646
3255
4649
798
2281
4471
4261
3781
2139
2598
2296
4646
4453
1865
2239
1220
1978
4961
741
788
800
2654
1283
447
1529
4320
1739
3538
4187
1190
2805
2138
4353
2907
4658
3621
778
3965
142
1338
2158
1274
4068
4961
3677
3935
3262
466
4997
3484
1167
714
382
4318
3364
3042
1619
1737
2770
4935
3751
2811
878
156
3988
1230
835
3297
2749
4037
2832
428
3582
1789
125
4091
3295
213
2466
4374
4650
1195
2972
3621
772
351
271
2926
3473
2419
2890
4281
1700
2922
3160
4024
1750
563
694
3453
2487
3255
4141
519
4547
217
2621
2244
3518
155
3681
2519
4133
1240
4009
896
4404
384
4281
2092
4400
4472
2146
3150
1829
1889
962
2279
4466
4827
2154
4120
2279
1872
960
3597
36
3486
1024
3138
786
4259
3128
4916
3873
537
3870
4413
2256
2271
1561
2333
3612
3267
248
2044
3454
2097
4181
812
4302
3212
422
2221
4045
4875
2647
2439
314
1948
2988
270
65
2527
1829
4298
3194
3414
3476
2112
1071
1786
3623
953
1772
3772
1362
2490
2771
4300
2513
3518
651
834
3910
590
166
84
927
4146
2532
2834
2133
2561
242
2293
283
4296
587
2222
3274
4394
3675
3051
1070
3867
3459
3795
3433
1506
2349
300
1390
1840
2506
1937
4820
4102
2986
1282
475
3367
3450
2144
3993
237
2241
501
4850
1249
67
1606
3403
2064
3749
3273
205
3644
3196
4783
1205
4853
2680
2766
83
2945
1379
3750
2945
3157
592
2448
379
3583
3756
2661
451
4074
4555
4720
3856
890
1234
508
3751
3617
3644
507
2408
3942
2611
2427
3728
901
4966
2335
3082
1680
2212
1858
155
2906
2769
4009
3404
1863
889
646
473
3157
837
653
78
1790
2535
4949
159
1074
4623
4441
4199
1106
1170
4407
2698
4020
3927
2475
3169
1096
3299
3268
454
1935
400
4837
2869
2913
4234
3425
1877
1338
2721
1529
2366
1417
3992
4320
3428
1663
4455
4083
2805
999
1918
1742
4497
4246
3437
162
2293
3835
317
1187
4835
2152
4902
2125
3664
1457
4416
3577
373
2136
2184
1371
910
2018
2949
359
992
809
1415
976
1170
4370
4070
2475
682
2179
814
1734
3269
1092
820
3468
4766
1883
4721
4159
4827
976
836
4534
1929
3223
252
1497
165
4009
1628
889
3943
4970
3374
278
886
4252
185
287
39
3678
4874
2
4176
2442
1813
3353
4110
3453
4502
193
4196
4473
2467
1799
4026
589
2544
4383
4269
1958
2335
1815
1079
4994
1849
2406
671
1006
2469
669
4010
4916
3797
2775
194
749
2648
2693
2611
1396
3184
2407
4554
3574
2877
4477
3295
3357
1676
4138
3596
3772
3876
4778
900
3291
4629
1841
1222
475
485
2056
3979
1836
1908
2515
3924
268
4891
2157
1569
4358
3126
2599
3331
1595
3173
203
2194
2842
4492
2629
3069
1493
3435
2774
460
4643
563
4788
3890
2015
4765
951
4619
4294
920
3552
244
1101
2830
3042
882
159
3282
605
1342
3959
4281
1827
2026
641
2623
3582
4158
2809
4360
3616
3393
3804
1769
3497
2379
686
4590
4498
2804
121
996
2139
1605
2450
306
3166
603
3422
4151
4821
987
971
3333
2070
2069
133
4925
2291
2359
1060
4114
4940
2010
3012
1894
3098
3887
3257
612
1900
3849
1534
3023
883
1732
4376
4107
1547
1932
3853
1071
1390
3816
214
4741
189
3948
3092
738
1240
2745
3737
4153
2060
3167
1469
4834
3459
4950
1912
670
4291
807
1432
4328
2009
1121
4016
1191
1377
69
2332
4422
1908
2258
1558
100
1840
3341
2639
3898
256
388
1207
4091
3413
1409
634
736
3900
1938
4161
261
4009
2372
2652
1714
1397
463
198
3078
4774
193
3385
731
1584
2944
546
1649
3959
2316
1391
974
3678
1396
321
3187
4268
4516
2846
718
2926
1791
889
2518
3571
2536
3424
4658
4128
960
3003
1699
2011
946
314
2231
4205
2051
3196
3652
4988
3225
2080
1432
4471
2664
3
845
3939
3523
2332
3631
2356
752
4785
1967
2063
3977
3052
1147
3022
3796
1677
4959
195
97
4492
4647
3616
4517
2170
4764
650
4646
2887
1823
2945
1657
4374
4834
22
4802
1381
150
1212
4466
454
2999
4183
4039
1684
4588
26
610
2927
3407
893
1106
1851
2467
3948
3081
4447
1157
142
2392
3120
3065
772
4227
4039
4280
5
1463
3083
635
4804
2215
3312
1523
3520
3239
3427
1161
3659
2553
333
3113
3285
4397
643
4252
4349
4725
4478
1416
2253
2441
4571
4
4562
3716
1416
333
2409
3519
3743
474
4563
3901
4836
2147
4859
3421
1743
3988
2085
1191
4085
1654
350
1880
2770
2147
158
3413
233
1475
1298
1305
4531
1995
3826
3446
1831
1972
3322
305
4643
769
3683
193
1661
2123
3998
3541
621
361
4164
3814
1323
1937
588
3612
4871
1550
4290
1915
2528
1561
3492
3494
1302
27
4718
4091
4234
4091
3237
468
1101
3850
4643
812
4861
3925
2748
803
1922
4394
545
246
1356
3265
384
3853
325
4019
3143
4100
2115
3966
276
2908
4805
4566
3189
1943
1525
674
3503
1683
1525
1971
1530
501
4051
496
4209
3721
2316
4257
2505
3919
3239
2689
4124
4202
717
3248
2141
1754
499
459
1988
2994
3196
753
1596
486
1874
241
2392
3786
2919
2977
272
394
548
657
4540
370
428
370
3621
289
240
2094
3642
4710
2962
230
1526
4167
3796
688
3191
3592
3347
1329
3727
3370
3965
1989
4781
2001
3426
3319
1855
822
4995
236
4739
4004
4351
2367
2728
4706
561
3419
593
298
1562
1657
4875
2935
160
399
4449
4593
78
3143
2466
3616
2618
1676
3151
1303
4612
481
3548
4085
2376
466
1656
4714
638
1398
1959
9
3705
3371
850
2234
887
4595
982
185
3783
3097
2253
4642
1507
769
932
4858
2205
4373
3394
3392
3842
3265
272
2571
2605
2170
4328
1954
320
1654
2161
2228
411
4064
2975
282
2144
4483
4612
4609
4515
3694
1310
387
861
1635
2436
960
4745
4338
469
4018
2037
1242
3721
4956
4049
3477
4012
2144
459
1657
936
2922
4139
10
1268
3013
2668
1868
585
3235
4816
26
3103
1417
1420
2201
2542
4072
3354
1034
1308
2483
3389
1255
804
1628
2309
1475
3769
4822
3519
1193
3173
1991
3727
106
856
2091
888
588
4315
2192
2898
2929
3370
3297
3159
1577
45
4502
2595
2451
1351
3701
2665
1851
3981
1261
755
426
75
565
3392
4069
4797
201
2867
4136
2630
3240
2203
2694
2023
453
3565
886
4143
1852
165
1717
1452
1809
2933
2795
21
3076
352
4723
548
4462
1500
2628
2672
2261
4912
886
1684
4557
135
309
1811
522
4213
1806
1267
4257
4656
3520
4716
1548
2656
208
1223
4622
1310
4567
3807
615
1340
4771
677
358
936
2624
3385
2728
4570
1735
615
1729
912
2807
3862
4340
1098
3292
806
72
630
4238
3132
4694
4222
2328
4288
2474
359
856
4067
1624
2086
3735
3953
1303
2482
1042
222
1830
772
3718
648
2165
4145
3097
1236
1992
1691
3637
403
2002
1442
1044
4895
3933
4917
3536
2921
4198
1078
1065
3157
165
135
4896
3973
4918
233
4669
1010
4823
1098
1782
614
4643
3144
2188
1784
4271
1161
4051
458
3656
4815
4970
1059
2075
4140
1015
1943
29
3531
1026
1555
1090
2954
4453
2674
4942
3076
797
3298
1875
3682
1170
3560
3514
669
3522
1733
532
57
2325
4345
3552
2966
184
2
3133
3476
1033
61
2942
3829
131
2565
1310
2475
1802
4889
213
4834
2873
1204
1052
4525
4681
2588
4627
3871
721
3100
22
636
834
813
1113
4150
4844
1391
4301
1429
3215
3937
242
4953
4871
45
3227
4555
2695
531
870
2021
2409
4849
1539
2625
3742
3710
4706
2803
3373
1116
3888
1874
1684
544
3163
78
820
296
4599
4972
4795
524
4154
2180
162
2371
1421
1994
2962
669
3834
110
848
3637
2244
2023
3910
4695
638
2884
1117
398
3978
3973
977
3546
1281
4814
2100
2586
2994
2495
1752
4791
4199
182
4693
1620
482
2886
2343
4330
2042
1186
1853
99
2481
1808
566
337
530
799
132
1605
3384
2728
2291
2565
381
3090
2795
109
192
3718
709
3700
1711
4189
3792
960
875
1293
2930
1502
2039
3010
123
610
616
147
1547
930
2039
4686
574
1839
301
1074
1567
2778
4374
59
3441
2867
2591
2680
1594
3756
348
3591
1492
4846
1354
1794
1525
663
1003
4896
500
459
4118
1506
1777
531
3790
951
904
4384
155
423
3422
3514
1321
1049
3971
93
2200
4416
1324
1989
3544
3457
1156
3364
511
1346
1782
372
1316
3698
2856
4543
3113
3745
407
3811
359
1069
3203
4268
682
465
452
219
2723
3387
2749
1366
4964
4859
1340
4665
1833
130
2169
41
3669
2728
1794
315
3004
1807
1192
1179
1289
1877
1260
1667
1067
2102
1257
3748
1680
3330
2890
3584
1111
3760
1438
1627
1867
2881
2978
3678
2820
1273
2023
4778
4878
3790
1947
3173
1217
387
948
2147
587
2009
819
602
2119
3837
2574
344
3643
4769
4917
698
1626
4929
4130
2250
2353
3662
2602
2682
948
3734
1394
1791
2707
1842
1270
3613
2898
1785
4391
339
1951
2538
929
1723
1679
4571
480
4533
2883
2625
1623
3650
2236
4050
1365
809
4507
4614
664
4432
3950
3779
1722
3993
2564
738
1336
684
4753
1431
4601
2532
1121
4141
4281
992
4525
932
4305
2631
3734
2504
3531
829
1958
1659
3622
4950
2446
4630
670
194
3277
3919
2566
3055
733
3356
3944
1836
951
3307
724
2478
4800
2377
2071
1204
3033
1864
1936
2613
1609
814
2411
3637
3823
1567
941
2973
530
3091
1167
4166
4302
1023
3493
1016
4393
3949
2313
4136
2526
2649
826
1832
453
1621
3900
469
4301
382
4010
2176
2187
948
4722
4525
3156
4134
345
627
807
1129
4686
2483
1950
4945
3980
217
1053
3297
2900
3587
3496
1553
1851
120
742
4875
3120
3884
304
1497
1419
4636
830
533
4129
3810
1860
2835
1001
3331
2312
4260
3056
4264
4850
3524
1089
3331
3676
229
3862
2213
4607
1969
29
3239
2864
2239
292
3026
108
1895
3095
2342
1065
3899
1686
3543
3121
4097
2301
2781
1231
2100
1777
130
905
2549
2568
4072
2814
4597
901
3177
2488
2417
760
1678
1609
2238
4480
4816
3099
614
1802
4683
2793
4299
3382
3002
2336
4473
2829
4375
1873
4277
1829
1506
11
1653
38
2040
2304
4650
2620
1620
478
189
1558
3851
4534
4298
616
1851
717
4744
965
653
662
4143
1697
931
3455
4910
727
1913
384
648
1151
4571
3455
704
3155
4710
2321
1133
1206
4654
559
2386
2809
1662
1906
4093
731
3728
2590
949
4304
1848
31
1277
3629
1199
3267
901
2044
4302
2718
676
3814
1859
2264
3873
3749
3722
540
3805
3532
2224
3139
3609
995
1153
358
3519
3929
3360
3467
3377
3713
4277
4074
2597
1852
2397
3176
150
3132
862
495
878
263
2968
3443
3486
275
134
3729
1604
607
788
248
4415
1489
1468
3109
2228
3556
4394
838
3055
4823
1000
2610
2958
101
4495
4220
2793
3872
2242
2694
4630
3270
2467
4069
143
4018
3462
1485
752
117
3653
1629
767
1947
4774
360
2777
2755
4990
2302
3142
2397
4809
2845
2112
1375
26
1807
3015
2585
2390
102
3455
3185
2467
4203
2930
1547
2813
392
3456
210
4351
1081
4788
4758
3144
4166
529
2151
642
1161
160
1444
769
4408
4841
4180
1371
209
956
1386
4366
893
3707
2716
1649
3232
2344
2616
4046
3675
4593
3787
4610
2467
2378
3974
2799
1132
2188
1896
3628
846
4335
2932
4559
3652
4007
2653
2626
576
191
218
4626
4401
3016
15
871
1448
1616
4787
1651
4440
2858
2523
3540
4692
2301
353
4704
1747
136
763
3916
828
1358
3273
2278
4430
3606
987
1420
3242
3918
3150
1089
2530
4795
563
413
2829
4848
2850
1264
3210
308
596
3403
2548
852
392
240
2729
4355
3638
1281
4992
122
2523
3066
2457
1689
4615
726
1599
1152
1920
3657
2359
256
3169
2033
4170
853
3148
1513
2206
3735
1757
4705
924
3570
936
857
158
1768
1913
512
3494
2876
2663
1385
4591
3109
2543
1191
2272
1655
2910
4982
1424
419
2753
510
2790
3662
521
1657
2828
145
3241
705
2430
4847
2978
2082
4523
12
1393
2225
751
3071
865
2618
764
4634
4237
2115
299
1408
1291
209
2308
2351
4185
718
841
3951
957
1851
2510
3776
82
3873
1416
2820
160
2298
3751
887
97
4679
1843
4893
3685
924
989
2556
4014
1536
2992
2824
1920
4324
403
2152
4024
3512
1889
1352
3401
2066
706
1787
2372
3532
1618
3340
514
3537
2569
2568
2453
3953
1527
2050
2320
3879
3357
2274
2024
3249
4211
3461
4882
4306
2946
377
1481
906
3440
3681
1214
2084
4794
2039
3291
2375
2386
2707
2781
2243
1629
3297
3212
4596
3372
3492
3814
4545
1973
1245
2897
3282
2766
2840
4667
4771
1764
4744
1890
2124
4362
3594
3876
1527
3136
3927
2952
300
4843
1112
295
3390
3460
3630
91
4289
826
4892
188
1331
3715
664
1910
782
2294
609
3097
949
4149
509
4484
714
146
2651
1071
1739
1122
2663
4715
1092
3679
4633
1401
2508
1039
1176
2322
77
4622
2168
2618
410
2340
4614
62
2498
184
3935
423
2237
3016
4932
4576
3724
4186
1324
4024
3544
802
1235
1814
3104
3269
3649
3997
4484
2753
2955
1972
2968
552
2653
3621
175
3008
2856
1144
3272
3314
106
2518
4015
2796
3657
3707
3495
4177
2274
3966
1170
4232
3174
3674
290
2509
3579
1805
3439
974
1922
107
470
1317
66
3885
3224
4921
3508
689
2792
282
4993
3755
2869
3377
551
4457
4972
2763
2606
3400
2872
1553
782
1890
4189
1283
2695
3838
772
1604
4100
954
1890
529
3826
2869
4802
652
307
250
2488
3847
238
1784
827
3726
2532
758
2808
3021
32
1270
1071
3495
4761
1775
666
751
573
4330
1933
4129
791
4610
4269
144
1978
3795
902
3585
4172
2327
4464
4337
2851
1500
2363
3238
3988
1016
3570
425
1980
128
3389
1532
3464
996
2283
2543
1817
2878
3523
672
2979
1042
417
1093
1449
200
1037
4279
896
3230
4388
1757
1187
3045
81
3427
4945
3663
91
4614
4845
3607
1940
2182
3440
4112
1064
572
3435
4841
2928
3388
4853
306
3326
5
4232
4950
133
4052
1445
2740
1859
495
3979
1542
4483
3322
1561
3642
760
1396
3017
1868
1726
541
2925
4616
2482
2682
3086
1577
1936
1673
1419
4218
1484
544
527
4658
4243
4953
1565
2083
293
2508
1043
3653
2769
544
2484
2948
4857
2937
1093
3165
254
1501
1892
3728
4199
3513
1186
1880
2227
1215
4168
4130
4317
2958
909
4123
1281
385
4450
4570
114
3245
10
3353
1206
3251
3684
1626
375
1051
1925
4867
3543
4572
2194
1294
2577
4880
1388
1143
3130
3351
872
2808
4771
1284
869
937
3883
1360
3298
4526
2127
1580
4741
1999
951
3118
1183
4469
4512
561
4826
2479
926
3621
4173
4791
4632
842
2949
3683
3459
1278
3614
4507
4186
1902
2434
1231
3953
1686
2293
1306
4496
4827
1011
2475
83
447
3725
1444
3332
3193
4562
3885
2546
1573
2187
994
4956
695
2523
4671
4263
4665
2503
2203
943
4037
3734
1291
3878
1749
1445
2831
4627
2357
798
4699
4215
4958
3350
3905
3859
2889
3669
519
3142
995
4176
279
4293
37
2390
2912
1909
1650
